id	effectiveTime	active	moduleId	refsetId	referencedComponentId	sourceEffectiveTime	targetEffectiveTime
33FA8C10-09EA-4FB3-9912-73A0BC9E9965	20200427	1	999000011000230102	900000000000534007	900000000000012004	20200427	20180731
33FA8C10-09EA-4FB3-9912-73A0BC9E9965	20200507	1	999000011000230102	900000000000534007	900000000000012004	20200507	20180731
33FA8C10-09EA-4FB3-9912-73A0BC9E9965	20200521	1	999000011000230102	900000000000534007	900000000000012004	20200521	20180731
33FA8C10-09EA-4FB3-9912-73A0BC9E9965	20200608	1	999000011000230102	900000000000534007	900000000000012004	20200608	20180731
33FA8C10-09EA-4FB3-9912-73A0BC9E9965	20200618	1	999000011000230102	900000000000534007	900000000000012004	20200618	20180731
33FA8C10-09EA-4FB3-9912-73A0BC9E9965	20200715	1	999000011000230102	900000000000534007	900000000000012004	20200715	20180731
33FA8C10-09EA-4FB3-9912-73A0BC9E9965	20200812	1	999000011000230102	900000000000534007	900000000000012004	20200812	20190731
33FA8C10-09EA-4FB3-9912-73A0BC9E9965	20200909	1	999000011000230102	900000000000534007	900000000000012004	20200909	20190731
33FA8C10-09EA-4FB3-9912-73A0BC9E9965	20201016	1	999000011000230102	900000000000534007	900000000000012004	20201016	20190731
33FA8C10-09EA-4FB3-9912-73A0BC9E9965	20201223	1	999000011000230102	900000000000534007	900000000000012004	20201223	20200731
33FA8C10-09EA-4FB3-9912-73A0BC9E9965	20210127	1	999000011000230102	900000000000534007	900000000000012004	20210127	20200731
33FA8C10-09EA-4FB3-9912-73A0BC9E9965	20210224	1	999000011000230102	900000000000534007	900000000000012004	20210224	20200731
33FA8C10-09EA-4FB3-9912-73A0BC9E9965	20210315	1	999000011000230102	900000000000534007	900000000000012004	20210315	20200731
33FA8C10-09EA-4FB3-9912-73A0BC9E9965	20210331	1	999000011000230102	900000000000534007	900000000000012004	20210331	20200731
33FA8C10-09EA-4FB3-9912-73A0BC9E9965	20210423	1	999000011000230102	900000000000534007	900000000000012004	20210423	20200731
33FA8C10-09EA-4FB3-9912-73A0BC9E9965	20210521	1	999000011000230102	900000000000534007	900000000000012004	20210521	20200731
33FA8C10-09EA-4FB3-9912-73A0BC9E9965	20210707	1	999000011000230102	900000000000534007	900000000000012004	20210707	20210131
33FA8C10-09EA-4FB3-9912-73A0BC9E9965	20210817	1	999000011000230102	900000000000534007	900000000000012004	20210817	20210131
33FA8C10-09EA-4FB3-9912-73A0BC9E9965	20210914	1	999000011000230102	900000000000534007	900000000000012004	20210914	20210131
33FA8C10-09EA-4FB3-9912-73A0BC9E9965	20211027	1	999000011000230102	900000000000534007	900000000000012004	20211027	20210131
33FA8C10-09EA-4FB3-9912-73A0BC9E9965	20211115	1	999000011000230102	900000000000534007	900000000000012004	20211115	20210929
33FA8C10-09EA-4FB3-9912-73A0BC9E9965	20211221	1	999000011000230102	900000000000534007	900000000000012004	20211221	20210131
33FA8C10-09EA-4FB3-9912-73A0BC9E9965	20220309	1	999000011000230102	900000000000534007	900000000000012004	20220309	20210131
33FA8C10-09EA-4FB3-9912-73A0BC9E9965	20220407	1	999000011000230102	900000000000534007	900000000000012004	20220407	20210131
33FA8C10-09EA-4FB3-9912-73A0BC9E9965	20220429	1	999000011000230102	900000000000534007	900000000000012004	20220429	20210131
33FA8C10-09EA-4FB3-9912-73A0BC9E9965	20220722	1	999000011000230102	900000000000534007	900000000000012004	20220722	20210731
33FA8C10-09EA-4FB3-9912-73A0BC9E9965	20220817	1	999000011000230102	900000000000534007	900000000000012004	20220817	20210131
33FA8C10-09EA-4FB3-9912-73A0BC9E9965	20220916	1	999000011000230102	900000000000534007	900000000000012004	20220916	20220131
33FA8C10-09EA-4FB3-9912-73A0BC9E9965	20221007	1	999000011000230102	900000000000534007	900000000000012004	20221007	20220131
33FA8C10-09EA-4FB3-9912-73A0BC9E9965	20221028	1	999000011000230102	900000000000534007	900000000000012004	20221028	20220131
33FA8C10-09EA-4FB3-9912-73A0BC9E9965	20221129	1	999000011000230102	900000000000534007	900000000000012004	20221129	20220731
33FA8C10-09EA-4FB3-9912-73A0BC9E9965	20230130	1	999000011000230102	900000000000534007	900000000000012004	20230130	20220731
33FA8C10-09EA-4FB3-9912-73A0BC9E9965	20230309	1	999000011000230102	900000000000534007	900000000000012004	20230309	20220731
33FA8C10-09EA-4FB3-9912-73A0BC9E9965	20230413	1	999000011000230102	900000000000534007	900000000000012004	20230413	20220731
33FA8C10-09EA-4FB3-9912-73A0BC9E9965	20230518	1	999000011000230102	900000000000534007	900000000000012004	20230518	20220731
33FA8C10-09EA-4FB3-9912-73A0BC9E9965	20230718	1	999000011000230102	900000000000534007	900000000000012004	20230718	20230131
33FA8C10-09EA-4FB3-9912-73A0BC9E9965	20230818	1	999000011000230102	900000000000534007	900000000000012004	20230818	20230131
33FA8C10-09EA-4FB3-9912-73A0BC9E9965	20231012	1	999000011000230102	900000000000534007	900000000000012004	20231012	20230131
33FA8C10-09EA-4FB3-9912-73A0BC9E9965	20231127	1	999000011000230102	900000000000534007	900000000000012004	20231127	20230131
33FA8C10-09EA-4FB3-9912-73A0BC9E9965	20231229	1	999000011000230102	900000000000534007	900000000000012004	20231229	20230731
33FA8C10-09EA-4FB3-9912-73A0BC9E9965	20240215	1	999000011000230102	900000000000534007	900000000000012004	20240215	20230731
33FA8C10-09EA-4FB3-9912-73A0BC9E9965	20240501	1	999000011000230102	900000000000534007	900000000000012004	20240501	20230731
33FA8C10-09EA-4FB3-9912-73A0BC9E9965	20240531	1	999000011000230102	900000000000534007	900000000000012004	20240531	20240201
33FA8C10-09EA-4FB3-9912-73A0BC9E9965	20241205	1	999000011000230102	900000000000534007	900000000000012004	20241205	20240801
33FA8C10-09EA-4FB3-9912-73A0BC9E9965	20250521	1	999000011000230102	900000000000534007	900000000000012004	20250521	20240801
33FA8C10-09EA-4FB3-9912-73A0BC9E9965	20250627	1	999000011000230102	900000000000534007	900000000000012004	20250627	20250201
33FA8C10-09EA-4FB3-9912-73A0BC9E9965	20250904	1	999000011000230102	900000000000534007	900000000000012004	20250904	20250201
33FA8C10-09EA-4FB3-9912-73A0BC9E9965	20250912	1	999000011000230102	900000000000534007	900000000000012004	20250912	20250201
33FA8C10-09EA-4FB3-9912-73A0BC9E9965	20251211	1	999000011000230102	900000000000534007	900000000000012004	20251211	20250801
3EEAF186-3BF1-4DC6-972B-1C37272199DE	20200427	1	999000011000230102	900000000000534007	999000041000000102	20200427	20200415
3EEAF186-3BF1-4DC6-972B-1C37272199DE	20200507	1	999000011000230102	900000000000534007	999000041000000102	20200507	20200415
3EEAF186-3BF1-4DC6-972B-1C37272199DE	20200521	1	999000011000230102	900000000000534007	999000041000000102	20200521	20200513
3EEAF186-3BF1-4DC6-972B-1C37272199DE	20200608	1	999000011000230102	900000000000534007	999000041000000102	20200608	20200513
3EEAF186-3BF1-4DC6-972B-1C37272199DE	20200618	1	999000011000230102	900000000000534007	999000041000000102	20200618	20200610
3EEAF186-3BF1-4DC6-972B-1C37272199DE	20200715	1	999000011000230102	900000000000534007	999000041000000102	20200715	20200610
3EEAF186-3BF1-4DC6-972B-1C37272199DE	20200812	1	999000011000230102	900000000000534007	999000041000000102	20200812	20200812
3EEAF186-3BF1-4DC6-972B-1C37272199DE	20200909	1	999000011000230102	900000000000534007	999000041000000102	20200909	20200805
3EEAF186-3BF1-4DC6-972B-1C37272199DE	20201016	1	999000011000230102	900000000000534007	999000041000000102	20201016	20200930
3EEAF186-3BF1-4DC6-972B-1C37272199DE	20201223	1	999000011000230102	900000000000534007	999000041000000102	20201223	20201125
3EEAF186-3BF1-4DC6-972B-1C37272199DE	20210127	1	999000011000230102	900000000000534007	999000041000000102	20210127	20201125
3EEAF186-3BF1-4DC6-972B-1C37272199DE	20210224	1	999000011000230102	900000000000534007	999000041000000102	20210224	20210120
3EEAF186-3BF1-4DC6-972B-1C37272199DE	20210315	1	999000011000230102	900000000000534007	999000041000000102	20210315	20210120
3EEAF186-3BF1-4DC6-972B-1C37272199DE	20210331	1	999000011000230102	900000000000534007	999000041000000102	20210331	20210317
3EEAF186-3BF1-4DC6-972B-1C37272199DE	20210423	1	999000011000230102	900000000000534007	999000041000000102	20210423	20210317
3EEAF186-3BF1-4DC6-972B-1C37272199DE	20210521	1	999000011000230102	900000000000534007	999000041000000102	20210521	20210317
3EEAF186-3BF1-4DC6-972B-1C37272199DE	20210707	1	999000011000230102	900000000000534007	999000041000000102	20210707	20210512
3EEAF186-3BF1-4DC6-972B-1C37272199DE	20210817	1	999000011000230102	900000000000534007	999000041000000102	20210817	20210707
3EEAF186-3BF1-4DC6-972B-1C37272199DE	20210914	1	999000011000230102	900000000000534007	999000041000000102	20210914	20210901
3EEAF186-3BF1-4DC6-972B-1C37272199DE	20211027	1	999000011000230102	900000000000534007	999000041000000102	20211027	20210929
3EEAF186-3BF1-4DC6-972B-1C37272199DE	20211115	1	999000011000230102	900000000000534007	999000041000000102	20211115	20210929
3EEAF186-3BF1-4DC6-972B-1C37272199DE	20211221	1	999000011000230102	900000000000534007	999000041000000102	20211221	20211124
3EEAF186-3BF1-4DC6-972B-1C37272199DE	20220309	1	999000011000230102	900000000000534007	999000041000000102	20220309	20220216
3EEAF186-3BF1-4DC6-972B-1C37272199DE	20220407	1	999000011000230102	900000000000534007	999000041000000102	20220407	20220216
3EEAF186-3BF1-4DC6-972B-1C37272199DE	20220429	1	999000011000230102	900000000000534007	999000041000000102	20220429	20220413
3EEAF186-3BF1-4DC6-972B-1C37272199DE	20220722	1	999000011000230102	900000000000534007	999000041000000102	20220722	20220511
3EEAF186-3BF1-4DC6-972B-1C37272199DE	20220817	1	999000011000230102	900000000000534007	999000041000000102	20220817	20220706
3EEAF186-3BF1-4DC6-972B-1C37272199DE	20220916	1	999000011000230102	900000000000534007	999000041000000102	20220916	20220706
3EEAF186-3BF1-4DC6-972B-1C37272199DE	20221007	1	999000011000230102	900000000000534007	999000041000000102	20221007	20220706
3EEAF186-3BF1-4DC6-972B-1C37272199DE	20221028	1	999000011000230102	900000000000534007	999000041000000102	20221028	20220706
3EEAF186-3BF1-4DC6-972B-1C37272199DE	20221129	1	999000011000230102	900000000000534007	999000041000000102	20221129	20220928
3EEAF186-3BF1-4DC6-972B-1C37272199DE	20230130	1	999000011000230102	900000000000534007	999000041000000102	20230130	20221123
3EEAF186-3BF1-4DC6-972B-1C37272199DE	20230309	1	999000011000230102	900000000000534007	999000041000000102	20230309	20221123
3EEAF186-3BF1-4DC6-972B-1C37272199DE	20230413	1	999000011000230102	900000000000534007	999000041000000102	20230413	20230215
3EEAF186-3BF1-4DC6-972B-1C37272199DE	20230518	1	999000011000230102	900000000000534007	999000041000000102	20230518	20230215
3EEAF186-3BF1-4DC6-972B-1C37272199DE	20230718	1	999000011000230102	900000000000534007	999000041000000102	20230718	20230412
3EEAF186-3BF1-4DC6-972B-1C37272199DE	20230818	1	999000011000230102	900000000000534007	999000041000000102	20230818	20230607
3EEAF186-3BF1-4DC6-972B-1C37272199DE	20231012	1	999000011000230102	900000000000534007	999000041000000102	20231012	20230802
3EEAF186-3BF1-4DC6-972B-1C37272199DE	20231127	1	999000011000230102	900000000000534007	999000041000000102	20231127	20230802
3EEAF186-3BF1-4DC6-972B-1C37272199DE	20231229	1	999000011000230102	900000000000534007	999000041000000102	20231229	20230927
3EEAF186-3BF1-4DC6-972B-1C37272199DE	20240215	1	999000011000230102	900000000000534007	999000041000000102	20240215	20231122
3EEAF186-3BF1-4DC6-972B-1C37272199DE	20240501	1	999000011000230102	900000000000534007	999000041000000102	20240501	20231122
3EEAF186-3BF1-4DC6-972B-1C37272199DE	20240531	1	999000011000230102	900000000000534007	999000041000000102	20240531	20240410
3EEAF186-3BF1-4DC6-972B-1C37272199DE	20241205	1	999000011000230102	900000000000534007	999000041000000102	20241205	20240925
3EEAF186-3BF1-4DC6-972B-1C37272199DE	20250521	1	999000011000230102	900000000000534007	999000041000000102	20250521	20240925
3EEAF186-3BF1-4DC6-972B-1C37272199DE	20250627	1	999000011000230102	900000000000534007	999000041000000102	20250627	20250604
3EEAF186-3BF1-4DC6-972B-1C37272199DE	20250904	1	999000011000230102	900000000000534007	999000041000000102	20250904	20250730
3EEAF186-3BF1-4DC6-972B-1C37272199DE	20250912	1	999000011000230102	900000000000534007	999000041000000102	20250912	20250730
3EEAF186-3BF1-4DC6-972B-1C37272199DE	20251211	1	999000011000230102	900000000000534007	999000041000000102	20251211	20251119
7BD2EAD4-4D9E-4931-8E9D-0AB34A97D4CC	20200427	1	999000011000230102	900000000000534007	999000011000000103	20200427	20200415
7BD2EAD4-4D9E-4931-8E9D-0AB34A97D4CC	20200507	1	999000011000230102	900000000000534007	999000011000000103	20200507	20200415
7BD2EAD4-4D9E-4931-8E9D-0AB34A97D4CC	20200521	1	999000011000230102	900000000000534007	999000011000000103	20200521	20200513
7BD2EAD4-4D9E-4931-8E9D-0AB34A97D4CC	20200608	1	999000011000230102	900000000000534007	999000011000000103	20200608	20200513
7BD2EAD4-4D9E-4931-8E9D-0AB34A97D4CC	20200618	1	999000011000230102	900000000000534007	999000011000000103	20200618	20200610
7BD2EAD4-4D9E-4931-8E9D-0AB34A97D4CC	20200715	1	999000011000230102	900000000000534007	999000011000000103	20200715	20200610
7BD2EAD4-4D9E-4931-8E9D-0AB34A97D4CC	20200812	1	999000011000230102	900000000000534007	999000011000000103	20200812	20200812
7BD2EAD4-4D9E-4931-8E9D-0AB34A97D4CC	20200909	1	999000011000230102	900000000000534007	999000011000000103	20200909	20200805
7BD2EAD4-4D9E-4931-8E9D-0AB34A97D4CC	20201016	1	999000011000230102	900000000000534007	999000011000000103	20201016	20200930
7BD2EAD4-4D9E-4931-8E9D-0AB34A97D4CC	20201223	1	999000011000230102	900000000000534007	999000011000000103	20201223	20201125
7BD2EAD4-4D9E-4931-8E9D-0AB34A97D4CC	20210127	1	999000011000230102	900000000000534007	999000011000000103	20210127	20201125
7BD2EAD4-4D9E-4931-8E9D-0AB34A97D4CC	20210224	1	999000011000230102	900000000000534007	999000011000000103	20210224	20210120
7BD2EAD4-4D9E-4931-8E9D-0AB34A97D4CC	20210315	1	999000011000230102	900000000000534007	999000011000000103	20210315	20210120
7BD2EAD4-4D9E-4931-8E9D-0AB34A97D4CC	20210331	1	999000011000230102	900000000000534007	999000011000000103	20210331	20210317
7BD2EAD4-4D9E-4931-8E9D-0AB34A97D4CC	20210423	1	999000011000230102	900000000000534007	999000011000000103	20210423	20210317
7BD2EAD4-4D9E-4931-8E9D-0AB34A97D4CC	20210521	1	999000011000230102	900000000000534007	999000011000000103	20210521	20210317
7BD2EAD4-4D9E-4931-8E9D-0AB34A97D4CC	20210707	1	999000011000230102	900000000000534007	999000011000000103	20210707	20210512
7BD2EAD4-4D9E-4931-8E9D-0AB34A97D4CC	20210817	1	999000011000230102	900000000000534007	999000011000000103	20210817	20210707
7BD2EAD4-4D9E-4931-8E9D-0AB34A97D4CC	20210914	1	999000011000230102	900000000000534007	999000011000000103	20210914	20210901
7BD2EAD4-4D9E-4931-8E9D-0AB34A97D4CC	20211027	1	999000011000230102	900000000000534007	999000011000000103	20211027	20210929
7BD2EAD4-4D9E-4931-8E9D-0AB34A97D4CC	20211115	1	999000011000230102	900000000000534007	999000011000000103	20211115	20210929
7BD2EAD4-4D9E-4931-8E9D-0AB34A97D4CC	20211221	1	999000011000230102	900000000000534007	999000011000000103	20211221	20211124
7BD2EAD4-4D9E-4931-8E9D-0AB34A97D4CC	20220309	1	999000011000230102	900000000000534007	999000011000000103	20220309	20220216
7BD2EAD4-4D9E-4931-8E9D-0AB34A97D4CC	20220407	1	999000011000230102	900000000000534007	999000011000000103	20220407	20220216
7BD2EAD4-4D9E-4931-8E9D-0AB34A97D4CC	20220429	1	999000011000230102	900000000000534007	999000011000000103	20220429	20220413
7BD2EAD4-4D9E-4931-8E9D-0AB34A97D4CC	20220722	1	999000011000230102	900000000000534007	999000011000000103	20220722	20220511
7BD2EAD4-4D9E-4931-8E9D-0AB34A97D4CC	20220817	1	999000011000230102	900000000000534007	999000011000000103	20220817	20220706
7BD2EAD4-4D9E-4931-8E9D-0AB34A97D4CC	20220916	1	999000011000230102	900000000000534007	999000011000000103	20220916	20220706
7BD2EAD4-4D9E-4931-8E9D-0AB34A97D4CC	20221007	1	999000011000230102	900000000000534007	999000011000000103	20221007	20220706
7BD2EAD4-4D9E-4931-8E9D-0AB34A97D4CC	20221028	1	999000011000230102	900000000000534007	999000011000000103	20221028	20220706
7BD2EAD4-4D9E-4931-8E9D-0AB34A97D4CC	20221129	1	999000011000230102	900000000000534007	999000011000000103	20221129	20220928
7BD2EAD4-4D9E-4931-8E9D-0AB34A97D4CC	20230130	1	999000011000230102	900000000000534007	999000011000000103	20230130	20221123
7BD2EAD4-4D9E-4931-8E9D-0AB34A97D4CC	20230309	1	999000011000230102	900000000000534007	999000011000000103	20230309	20221123
7BD2EAD4-4D9E-4931-8E9D-0AB34A97D4CC	20230413	1	999000011000230102	900000000000534007	999000011000000103	20230413	20230215
7BD2EAD4-4D9E-4931-8E9D-0AB34A97D4CC	20230518	1	999000011000230102	900000000000534007	999000011000000103	20230518	20230215
7BD2EAD4-4D9E-4931-8E9D-0AB34A97D4CC	20230718	1	999000011000230102	900000000000534007	999000011000000103	20230718	20230412
7BD2EAD4-4D9E-4931-8E9D-0AB34A97D4CC	20230818	1	999000011000230102	900000000000534007	999000011000000103	20230818	20230607
7BD2EAD4-4D9E-4931-8E9D-0AB34A97D4CC	20231012	1	999000011000230102	900000000000534007	999000011000000103	20231012	20230802
7BD2EAD4-4D9E-4931-8E9D-0AB34A97D4CC	20231127	1	999000011000230102	900000000000534007	999000011000000103	20231127	20230802
7BD2EAD4-4D9E-4931-8E9D-0AB34A97D4CC	20231229	1	999000011000230102	900000000000534007	999000011000000103	20231229	20230927
7BD2EAD4-4D9E-4931-8E9D-0AB34A97D4CC	20240215	1	999000011000230102	900000000000534007	999000011000000103	20240215	20231122
7BD2EAD4-4D9E-4931-8E9D-0AB34A97D4CC	20240501	1	999000011000230102	900000000000534007	999000011000000103	20240501	20231122
7BD2EAD4-4D9E-4931-8E9D-0AB34A97D4CC	20240531	1	999000011000230102	900000000000534007	999000011000000103	20240531	20240410
7BD2EAD4-4D9E-4931-8E9D-0AB34A97D4CC	20241205	1	999000011000230102	900000000000534007	999000011000000103	20241205	20240925
7BD2EAD4-4D9E-4931-8E9D-0AB34A97D4CC	20250521	1	999000011000230102	900000000000534007	999000011000000103	20250521	20240925
7BD2EAD4-4D9E-4931-8E9D-0AB34A97D4CC	20250627	1	999000011000230102	900000000000534007	999000011000000103	20250627	20250604
7BD2EAD4-4D9E-4931-8E9D-0AB34A97D4CC	20250904	1	999000011000230102	900000000000534007	999000011000000103	20250904	20250730
7BD2EAD4-4D9E-4931-8E9D-0AB34A97D4CC	20250912	1	999000011000230102	900000000000534007	999000011000000103	20250912	20250730
7BD2EAD4-4D9E-4931-8E9D-0AB34A97D4CC	20251211	1	999000011000230102	900000000000534007	999000011000000103	20251211	20251119
933FB057-B31C-4685-85C6-D2937CEE65C4	20210315	1	999000011000230102	900000000000534007	999000021000000109	20210315	20210120
933FB057-B31C-4685-85C6-D2937CEE65C4	20210331	1	999000011000230102	900000000000534007	999000021000000109	20210331	20210317
933FB057-B31C-4685-85C6-D2937CEE65C4	20210423	1	999000011000230102	900000000000534007	999000021000000109	20210423	20210317
933FB057-B31C-4685-85C6-D2937CEE65C4	20210521	1	999000011000230102	900000000000534007	999000021000000109	20210521	20210317
933FB057-B31C-4685-85C6-D2937CEE65C4	20210707	1	999000011000230102	900000000000534007	999000021000000109	20210707	20210512
933FB057-B31C-4685-85C6-D2937CEE65C4	20210817	1	999000011000230102	900000000000534007	999000021000000109	20210817	20210707
933FB057-B31C-4685-85C6-D2937CEE65C4	20210914	1	999000011000230102	900000000000534007	999000021000000109	20210914	20210901
933FB057-B31C-4685-85C6-D2937CEE65C4	20211027	1	999000011000230102	900000000000534007	999000021000000109	20211027	20210929
933FB057-B31C-4685-85C6-D2937CEE65C4	20211115	1	999000011000230102	900000000000534007	999000021000000109	20211115	20210929
933FB057-B31C-4685-85C6-D2937CEE65C4	20211221	1	999000011000230102	900000000000534007	999000021000000109	20211221	20211124
933FB057-B31C-4685-85C6-D2937CEE65C4	20220309	1	999000011000230102	900000000000534007	999000021000000109	20220309	20220216
933FB057-B31C-4685-85C6-D2937CEE65C4	20220407	1	999000011000230102	900000000000534007	999000021000000109	20220407	20220216
933FB057-B31C-4685-85C6-D2937CEE65C4	20220429	1	999000011000230102	900000000000534007	999000021000000109	20220429	20220413
933FB057-B31C-4685-85C6-D2937CEE65C4	20220722	1	999000011000230102	900000000000534007	999000021000000109	20220722	20220511
933FB057-B31C-4685-85C6-D2937CEE65C4	20220817	1	999000011000230102	900000000000534007	999000021000000109	20220817	20220706
933FB057-B31C-4685-85C6-D2937CEE65C4	20220916	1	999000011000230102	900000000000534007	999000021000000109	20220916	20220706
933FB057-B31C-4685-85C6-D2937CEE65C4	20221007	1	999000011000230102	900000000000534007	999000021000000109	20221007	20220706
933FB057-B31C-4685-85C6-D2937CEE65C4	20221028	1	999000011000230102	900000000000534007	999000021000000109	20221028	20220706
933FB057-B31C-4685-85C6-D2937CEE65C4	20221129	1	999000011000230102	900000000000534007	999000021000000109	20221129	20220928
933FB057-B31C-4685-85C6-D2937CEE65C4	20230130	1	999000011000230102	900000000000534007	999000021000000109	20230130	20221123
933FB057-B31C-4685-85C6-D2937CEE65C4	20230309	1	999000011000230102	900000000000534007	999000021000000109	20230309	20221123
933FB057-B31C-4685-85C6-D2937CEE65C4	20230413	1	999000011000230102	900000000000534007	999000021000000109	20230413	20230215
933FB057-B31C-4685-85C6-D2937CEE65C4	20230518	1	999000011000230102	900000000000534007	999000021000000109	20230518	20230215
933FB057-B31C-4685-85C6-D2937CEE65C4	20230718	1	999000011000230102	900000000000534007	999000021000000109	20230718	20230412
933FB057-B31C-4685-85C6-D2937CEE65C4	20230818	1	999000011000230102	900000000000534007	999000021000000109	20230818	20230607
933FB057-B31C-4685-85C6-D2937CEE65C4	20231012	1	999000011000230102	900000000000534007	999000021000000109	20231012	20230802
933FB057-B31C-4685-85C6-D2937CEE65C4	20231127	1	999000011000230102	900000000000534007	999000021000000109	20231127	20230802
933FB057-B31C-4685-85C6-D2937CEE65C4	20231229	1	999000011000230102	900000000000534007	999000021000000109	20231229	20230927
933FB057-B31C-4685-85C6-D2937CEE65C4	20240215	1	999000011000230102	900000000000534007	999000021000000109	20240215	20231122
933FB057-B31C-4685-85C6-D2937CEE65C4	20240501	1	999000011000230102	900000000000534007	999000021000000109	20240501	20231122
933FB057-B31C-4685-85C6-D2937CEE65C4	20240531	1	999000011000230102	900000000000534007	999000021000000109	20240531	20240410
933FB057-B31C-4685-85C6-D2937CEE65C4	20241205	1	999000011000230102	900000000000534007	999000021000000109	20241205	20240925
933FB057-B31C-4685-85C6-D2937CEE65C4	20250521	1	999000011000230102	900000000000534007	999000021000000109	20250521	20240925
933FB057-B31C-4685-85C6-D2937CEE65C4	20250627	1	999000011000230102	900000000000534007	999000021000000109	20250627	20250604
933FB057-B31C-4685-85C6-D2937CEE65C4	20250904	1	999000011000230102	900000000000534007	999000021000000109	20250904	20250730
933FB057-B31C-4685-85C6-D2937CEE65C4	20250912	1	999000011000230102	900000000000534007	999000021000000109	20250912	20250730
933FB057-B31C-4685-85C6-D2937CEE65C4	20251211	1	999000011000230102	900000000000534007	999000021000000109	20251211	20251119
A299744A-50F8-4191-83DD-6EDA6B9A9187	20230718	1	999000011000230102	900000000000534007	1326031000000103	20230718	20230412
A299744A-50F8-4191-83DD-6EDA6B9A9187	20230818	1	999000011000230102	900000000000534007	1326031000000103	20230818	20230607
A299744A-50F8-4191-83DD-6EDA6B9A9187	20231012	1	999000011000230102	900000000000534007	1326031000000103	20231012	20230802
A299744A-50F8-4191-83DD-6EDA6B9A9187	20231127	1	999000011000230102	900000000000534007	1326031000000103	20231127	20230802
A299744A-50F8-4191-83DD-6EDA6B9A9187	20231229	1	999000011000230102	900000000000534007	1326031000000103	20231229	20230731
BF5660BD-B82F-4557-89BC-8F469415F667	20200427	1	999000011000230102	900000000000534007	900000000000207008	20200427	20180731
BF5660BD-B82F-4557-89BC-8F469415F667	20200507	1	999000011000230102	900000000000534007	900000000000207008	20200507	20180731
BF5660BD-B82F-4557-89BC-8F469415F667	20200521	1	999000011000230102	900000000000534007	900000000000207008	20200521	20180731
BF5660BD-B82F-4557-89BC-8F469415F667	20200608	1	999000011000230102	900000000000534007	900000000000207008	20200608	20180731
BF5660BD-B82F-4557-89BC-8F469415F667	20200618	1	999000011000230102	900000000000534007	900000000000207008	20200618	20180731
BF5660BD-B82F-4557-89BC-8F469415F667	20200715	1	999000011000230102	900000000000534007	900000000000207008	20200715	20180731
BF5660BD-B82F-4557-89BC-8F469415F667	20200812	1	999000011000230102	900000000000534007	900000000000207008	20200812	20190731
BF5660BD-B82F-4557-89BC-8F469415F667	20200909	1	999000011000230102	900000000000534007	900000000000207008	20200909	20190731
BF5660BD-B82F-4557-89BC-8F469415F667	20201016	1	999000011000230102	900000000000534007	900000000000207008	20201016	20190731
BF5660BD-B82F-4557-89BC-8F469415F667	20201223	1	999000011000230102	900000000000534007	900000000000207008	20201223	20200731
BF5660BD-B82F-4557-89BC-8F469415F667	20210127	1	999000011000230102	900000000000534007	900000000000207008	20210127	20200731
BF5660BD-B82F-4557-89BC-8F469415F667	20210224	1	999000011000230102	900000000000534007	900000000000207008	20210224	20200731
BF5660BD-B82F-4557-89BC-8F469415F667	20210315	1	999000011000230102	900000000000534007	900000000000207008	20210315	20200731
BF5660BD-B82F-4557-89BC-8F469415F667	20210331	1	999000011000230102	900000000000534007	900000000000207008	20210331	20200731
BF5660BD-B82F-4557-89BC-8F469415F667	20210423	1	999000011000230102	900000000000534007	900000000000207008	20210423	20200731
BF5660BD-B82F-4557-89BC-8F469415F667	20210521	1	999000011000230102	900000000000534007	900000000000207008	20210521	20200731
BF5660BD-B82F-4557-89BC-8F469415F667	20210707	1	999000011000230102	900000000000534007	900000000000207008	20210707	20210131
BF5660BD-B82F-4557-89BC-8F469415F667	20210817	1	999000011000230102	900000000000534007	900000000000207008	20210817	20210131
BF5660BD-B82F-4557-89BC-8F469415F667	20210914	1	999000011000230102	900000000000534007	900000000000207008	20210914	20210131
BF5660BD-B82F-4557-89BC-8F469415F667	20211027	1	999000011000230102	900000000000534007	900000000000207008	20211027	20210131
BF5660BD-B82F-4557-89BC-8F469415F667	20211115	1	999000011000230102	900000000000534007	900000000000207008	20211115	20210929
BF5660BD-B82F-4557-89BC-8F469415F667	20211221	1	999000011000230102	900000000000534007	900000000000207008	20211221	20210131
BF5660BD-B82F-4557-89BC-8F469415F667	20220309	1	999000011000230102	900000000000534007	900000000000207008	20220309	20210131
BF5660BD-B82F-4557-89BC-8F469415F667	20220407	1	999000011000230102	900000000000534007	900000000000207008	20220407	20210131
BF5660BD-B82F-4557-89BC-8F469415F667	20220429	1	999000011000230102	900000000000534007	900000000000207008	20220429	20210131
BF5660BD-B82F-4557-89BC-8F469415F667	20220722	1	999000011000230102	900000000000534007	900000000000207008	20220722	20210731
BF5660BD-B82F-4557-89BC-8F469415F667	20220817	1	999000011000230102	900000000000534007	900000000000207008	20220817	20210131
BF5660BD-B82F-4557-89BC-8F469415F667	20220916	1	999000011000230102	900000000000534007	900000000000207008	20220916	20220131
BF5660BD-B82F-4557-89BC-8F469415F667	20221007	1	999000011000230102	900000000000534007	900000000000207008	20221007	20220131
BF5660BD-B82F-4557-89BC-8F469415F667	20221028	1	999000011000230102	900000000000534007	900000000000207008	20221028	20220131
BF5660BD-B82F-4557-89BC-8F469415F667	20221129	1	999000011000230102	900000000000534007	900000000000207008	20221129	20220731
BF5660BD-B82F-4557-89BC-8F469415F667	20230130	1	999000011000230102	900000000000534007	900000000000207008	20230130	20220731
BF5660BD-B82F-4557-89BC-8F469415F667	20230309	1	999000011000230102	900000000000534007	900000000000207008	20230309	20220731
BF5660BD-B82F-4557-89BC-8F469415F667	20230413	1	999000011000230102	900000000000534007	900000000000207008	20230413	20220731
BF5660BD-B82F-4557-89BC-8F469415F667	20230518	1	999000011000230102	900000000000534007	900000000000207008	20230518	20220731
BF5660BD-B82F-4557-89BC-8F469415F667	20230718	1	999000011000230102	900000000000534007	900000000000207008	20230718	20230131
BF5660BD-B82F-4557-89BC-8F469415F667	20230818	1	999000011000230102	900000000000534007	900000000000207008	20230818	20230131
BF5660BD-B82F-4557-89BC-8F469415F667	20231012	1	999000011000230102	900000000000534007	900000000000207008	20231012	20230131
BF5660BD-B82F-4557-89BC-8F469415F667	20231127	1	999000011000230102	900000000000534007	900000000000207008	20231127	20230131
BF5660BD-B82F-4557-89BC-8F469415F667	20231229	1	999000011000230102	900000000000534007	900000000000207008	20231229	20230731
BF5660BD-B82F-4557-89BC-8F469415F667	20240215	1	999000011000230102	900000000000534007	900000000000207008	20240215	20230731
BF5660BD-B82F-4557-89BC-8F469415F667	20240501	1	999000011000230102	900000000000534007	900000000000207008	20240501	20230731
BF5660BD-B82F-4557-89BC-8F469415F667	20240531	1	999000011000230102	900000000000534007	900000000000207008	20240531	20240201
BF5660BD-B82F-4557-89BC-8F469415F667	20241205	1	999000011000230102	900000000000534007	900000000000207008	20241205	20240801
BF5660BD-B82F-4557-89BC-8F469415F667	20250521	1	999000011000230102	900000000000534007	900000000000207008	20250521	20240801
BF5660BD-B82F-4557-89BC-8F469415F667	20250627	1	999000011000230102	900000000000534007	900000000000207008	20250627	20250201
BF5660BD-B82F-4557-89BC-8F469415F667	20250904	1	999000011000230102	900000000000534007	900000000000207008	20250904	20250201
BF5660BD-B82F-4557-89BC-8F469415F667	20250912	1	999000011000230102	900000000000534007	900000000000207008	20250912	20250201
BF5660BD-B82F-4557-89BC-8F469415F667	20251211	1	999000011000230102	900000000000534007	900000000000207008	20251211	20250801
DC719485-BE9E-4170-B528-8C65AD2C3042	20200427	1	83821000000107	900000000000534007	999000011000230102	20200415	20200427
DC719485-BE9E-4170-B528-8C65AD2C3042	20200507	1	83821000000107	900000000000534007	999000011000230102	20200415	20200507
DC719485-BE9E-4170-B528-8C65AD2C3042	20200521	1	83821000000107	900000000000534007	999000011000230102	20200513	20200521
DC719485-BE9E-4170-B528-8C65AD2C3042	20200608	1	83821000000107	900000000000534007	999000011000230102	20200513	20200608
DC719485-BE9E-4170-B528-8C65AD2C3042	20200618	1	83821000000107	900000000000534007	999000011000230102	20200610	20200618
DC719485-BE9E-4170-B528-8C65AD2C3042	20200715	1	83821000000107	900000000000534007	999000011000230102	20200610	20200715
DC719485-BE9E-4170-B528-8C65AD2C3042	20200812	1	83821000000107	900000000000534007	999000011000230102	20200812	20200812
DC719485-BE9E-4170-B528-8C65AD2C3042	20200909	1	83821000000107	900000000000534007	999000011000230102	20200805	20200909
DC719485-BE9E-4170-B528-8C65AD2C3042	20201016	1	83821000000107	900000000000534007	999000011000230102	20200930	20201016
DC719485-BE9E-4170-B528-8C65AD2C3042	20201223	1	83821000000107	900000000000534007	999000011000230102	20201125	20201223
DC719485-BE9E-4170-B528-8C65AD2C3042	20210127	1	83821000000107	900000000000534007	999000011000230102	20201125	20210127
DC719485-BE9E-4170-B528-8C65AD2C3042	20210224	1	83821000000107	900000000000534007	999000011000230102	20210120	20210224
DC719485-BE9E-4170-B528-8C65AD2C3042	20210315	1	83821000000107	900000000000534007	999000011000230102	20210120	20210315
DC719485-BE9E-4170-B528-8C65AD2C3042	20210331	1	83821000000107	900000000000534007	999000011000230102	20210317	20210331
DC719485-BE9E-4170-B528-8C65AD2C3042	20210423	1	83821000000107	900000000000534007	999000011000230102	20210317	20210423
DC719485-BE9E-4170-B528-8C65AD2C3042	20210521	1	83821000000107	900000000000534007	999000011000230102	20210317	20210521
DC719485-BE9E-4170-B528-8C65AD2C3042	20210707	1	83821000000107	900000000000534007	999000011000230102	20210512	20210707
DC719485-BE9E-4170-B528-8C65AD2C3042	20210817	1	83821000000107	900000000000534007	999000011000230102	20210707	20210817
DC719485-BE9E-4170-B528-8C65AD2C3042	20210914	1	83821000000107	900000000000534007	999000011000230102	20210901	20210914
DC719485-BE9E-4170-B528-8C65AD2C3042	20211027	1	83821000000107	900000000000534007	999000011000230102	20210929	20211027
DC719485-BE9E-4170-B528-8C65AD2C3042	20211115	1	83821000000107	900000000000534007	999000011000230102	20210929	20211115
DC719485-BE9E-4170-B528-8C65AD2C3042	20211221	1	83821000000107	900000000000534007	999000011000230102	20211124	20211221
DC719485-BE9E-4170-B528-8C65AD2C3042	20220309	1	83821000000107	900000000000534007	999000011000230102	20220216	20220309
DC719485-BE9E-4170-B528-8C65AD2C3042	20220407	1	83821000000107	900000000000534007	999000011000230102	20220216	20220407
DC719485-BE9E-4170-B528-8C65AD2C3042	20220429	1	83821000000107	900000000000534007	999000011000230102	20220413	20220429
DC719485-BE9E-4170-B528-8C65AD2C3042	20220722	1	83821000000107	900000000000534007	999000011000230102	20220511	20220722
DC719485-BE9E-4170-B528-8C65AD2C3042	20220817	1	83821000000107	900000000000534007	999000011000230102	20220706	20220817
DC719485-BE9E-4170-B528-8C65AD2C3042	20220916	1	83821000000107	900000000000534007	999000011000230102	20220706	20220916
DC719485-BE9E-4170-B528-8C65AD2C3042	20221007	1	83821000000107	900000000000534007	999000011000230102	20220706	20221007
DC719485-BE9E-4170-B528-8C65AD2C3042	20221028	1	83821000000107	900000000000534007	999000011000230102	20220706	20221028
DC719485-BE9E-4170-B528-8C65AD2C3042	20221129	1	83821000000107	900000000000534007	999000011000230102	20220928	20221129
DC719485-BE9E-4170-B528-8C65AD2C3042	20230130	1	83821000000107	900000000000534007	999000011000230102	20221123	20230130
DC719485-BE9E-4170-B528-8C65AD2C3042	20230309	1	83821000000107	900000000000534007	999000011000230102	20221123	20230309
DC719485-BE9E-4170-B528-8C65AD2C3042	20230413	1	83821000000107	900000000000534007	999000011000230102	20230215	20230413
DC719485-BE9E-4170-B528-8C65AD2C3042	20230518	1	83821000000107	900000000000534007	999000011000230102	20230215	20230518
DC719485-BE9E-4170-B528-8C65AD2C3042	20230718	1	83821000000107	900000000000534007	999000011000230102	20230412	20230718
DC719485-BE9E-4170-B528-8C65AD2C3042	20230818	0	83821000000107	900000000000534007	999000011000230102	20230412	20230718
DFC30173-C593-4F74-AE72-755BED17E82E	20210315	1	999000011000230102	900000000000534007	999000011000001104	20210315	20210120
DFC30173-C593-4F74-AE72-755BED17E82E	20210331	1	999000011000230102	900000000000534007	999000011000001104	20210331	20210317
DFC30173-C593-4F74-AE72-755BED17E82E	20210423	1	999000011000230102	900000000000534007	999000011000001104	20210423	20210317
DFC30173-C593-4F74-AE72-755BED17E82E	20210521	1	999000011000230102	900000000000534007	999000011000001104	20210521	20210317
DFC30173-C593-4F74-AE72-755BED17E82E	20210707	1	999000011000230102	900000000000534007	999000011000001104	20210707	20210521
DFC30173-C593-4F74-AE72-755BED17E82E	20210817	1	999000011000230102	900000000000534007	999000011000001104	20210817	20210804
DFC30173-C593-4F74-AE72-755BED17E82E	20210914	1	999000011000230102	900000000000534007	999000011000001104	20210914	20210901
DFC30173-C593-4F74-AE72-755BED17E82E	20211027	1	999000011000230102	900000000000534007	999000011000001104	20211027	20210929
DFC30173-C593-4F74-AE72-755BED17E82E	20211115	1	999000011000230102	900000000000534007	999000011000001104	20211115	20210929
DFC30173-C593-4F74-AE72-755BED17E82E	20211221	1	999000011000230102	900000000000534007	999000011000001104	20211221	20211124
DFC30173-C593-4F74-AE72-755BED17E82E	20220309	1	999000011000230102	900000000000534007	999000011000001104	20220309	20220216
DFC30173-C593-4F74-AE72-755BED17E82E	20220407	1	999000011000230102	900000000000534007	999000011000001104	20220407	20220216
DFC30173-C593-4F74-AE72-755BED17E82E	20220429	1	999000011000230102	900000000000534007	999000011000001104	20220429	20220413
DFC30173-C593-4F74-AE72-755BED17E82E	20220722	1	999000011000230102	900000000000534007	999000011000001104	20220722	20220511
DFC30173-C593-4F74-AE72-755BED17E82E	20220817	1	999000011000230102	900000000000534007	999000011000001104	20220817	20220706
DFC30173-C593-4F74-AE72-755BED17E82E	20220916	1	999000011000230102	900000000000534007	999000011000001104	20220916	20220706
DFC30173-C593-4F74-AE72-755BED17E82E	20221007	1	999000011000230102	900000000000534007	999000011000001104	20221007	20220706
DFC30173-C593-4F74-AE72-755BED17E82E	20221028	1	999000011000230102	900000000000534007	999000011000001104	20221028	20220706
DFC30173-C593-4F74-AE72-755BED17E82E	20221129	1	999000011000230102	900000000000534007	999000011000001104	20221129	20220928
DFC30173-C593-4F74-AE72-755BED17E82E	20230130	1	999000011000230102	900000000000534007	999000011000001104	20230130	20221123
DFC30173-C593-4F74-AE72-755BED17E82E	20230309	1	999000011000230102	900000000000534007	999000011000001104	20230309	20221123
DFC30173-C593-4F74-AE72-755BED17E82E	20230413	1	999000011000230102	900000000000534007	999000011000001104	20230413	20230215
DFC30173-C593-4F74-AE72-755BED17E82E	20230518	1	999000011000230102	900000000000534007	999000011000001104	20230518	20230215
DFC30173-C593-4F74-AE72-755BED17E82E	20230718	1	999000011000230102	900000000000534007	999000011000001104	20230718	20230412
DFC30173-C593-4F74-AE72-755BED17E82E	20230818	1	999000011000230102	900000000000534007	999000011000001104	20230818	20230607
DFC30173-C593-4F74-AE72-755BED17E82E	20231012	1	999000011000230102	900000000000534007	999000011000001104	20231012	20230802
DFC30173-C593-4F74-AE72-755BED17E82E	20231127	1	999000011000230102	900000000000534007	999000011000001104	20231127	20230802
DFC30173-C593-4F74-AE72-755BED17E82E	20231229	1	999000011000230102	900000000000534007	999000011000001104	20231229	20230927
DFC30173-C593-4F74-AE72-755BED17E82E	20240215	1	999000011000230102	900000000000534007	999000011000001104	20240215	20231122
DFC30173-C593-4F74-AE72-755BED17E82E	20240501	1	999000011000230102	900000000000534007	999000011000001104	20240501	20231122
DFC30173-C593-4F74-AE72-755BED17E82E	20240531	1	999000011000230102	900000000000534007	999000011000001104	20240531	20240410
DFC30173-C593-4F74-AE72-755BED17E82E	20241205	1	999000011000230102	900000000000534007	999000011000001104	20241205	20240925
DFC30173-C593-4F74-AE72-755BED17E82E	20250521	1	999000011000230102	900000000000534007	999000011000001104	20250521	20240925
DFC30173-C593-4F74-AE72-755BED17E82E	20250627	1	999000011000230102	900000000000534007	999000011000001104	20250627	20250604
DFC30173-C593-4F74-AE72-755BED17E82E	20250904	1	999000011000230102	900000000000534007	999000011000001104	20250904	20250730
DFC30173-C593-4F74-AE72-755BED17E82E	20250912	1	999000011000230102	900000000000534007	999000011000001104	20250912	20250730
DFC30173-C593-4F74-AE72-755BED17E82E	20251211	1	999000011000230102	900000000000534007	999000011000001104	20251211	20251119
